100129275726588145876	109596373340495798827 100129275726588145876 106724181552911298818 114122960748905067938 109130886479781915270 
100329698645326486178	116315897040732668413 111058843129764709244 118107045405823607895 115121555137256496805 116931379084245069738 100129275726588145876 
100466178325794757407	100466178325794757407 116807883656585676940 100668989009254813743 
100500197140377336562	116315897040732668413 100720409235366385249 104607825525972194062 118107045405823607895 106382433884876652170 114147483140782280818 109602109099036550366 100500197140377336562 116931379084245069738 106186407539128840569 100129275726588145876 105565257978663183206 106724181552911298818 106417861423111072106 
100535338638690515335	115516333681138986628 116825083494890429556 109602109099036550366 100720409235366385249 110701307803962595019 106417861423111072106 106186407539128840569 
100637660947564674695	102778563580121606331 116807883656585676940 108156134340151350951 116247667398036716276 114147483140782280818 
100668989009254813743	108883879052307976051 106228758905254036967 106382433884876652170 114122960748905067938 
100715738096376666180	100720409235366385249 106228758905254036967 100668989009254813743 108156134340151350951 116825083494890429556 104290609881668164623 109130886479781915270 100715738096376666180 104905626100400792399 104917160754181459072 106724181552911298818 111091089527727420853 106417861423111072106 
100720409235366385249	112463391491520264813 114122960748905067938 109130886479781915270 
100962871525684315897	116825083494890429556 109342148209917802565 113171096418029011322 100720409235366385249 100962871525684315897 107489144252174167638 111091089527727420853 106417861423111072106 112463391491520264813 
101130571432010257170	116825083494890429556 106382433884876652170 114147483140782280818 102340116189726655233 110971010308065250763 103752943025677384806 107203023379915799071 113718775944980638561 105565257978663183206 111213696402662884531 107489144252174167638 111091089527727420853 106417861423111072106 100668989009254813743 101185748996927059931 114124942936679476879 109596373340495798827 104917160754181459072 106724181552911298818 
101133961721621664586	106228758905254036967 115273860520983542999 111058843129764709244 117668392750579292609 102170431816592344972 101133961721621664586 115573545440464933254 116825083494890429556 106186407539128840569 112573107772208475213 109130886479781915270 
101185748996927059931	101185748996927059931 114104634069486127920 107040353898400532534 102170431816592344972 
101263615503715477581	114147483140782280818 103752943025677384806 113718775944980638561 116931379084245069738 101626577406833098387 110538600381916983600 113171096418029011322 100720409235366385249 107489144252174167638 103236949470535942612 107040353898400532534 116315897040732668413 101185748996927059931 112787435697866537461 114124942936679476879 109596373340495798827 104105354262797387583 107362628080904735459 115573545440464933254 104905626100400792399 106724181552911298818 
101373961279443806744	111058843129764709244 116825083494890429556 106382433884876652170 113718775944980638561 113171096418029011322 107489144252174167638 111091089527727420853 116315897040732668413 109596373340495798827 112463391491520264813 106724181552911298818 
101541879642294398860	106228758905254036967 116931379084245069738 115573545440464933254 109130886479781915270 
101560853443212199687	115516333681138986628 100720409235366385249 110701307803962595019 106186407539128840569 
101626577406833098387	114122960748905067938 116931379084245069738 106186407539128840569 
101848191156408080085	100720409235366385249 115625564993990145546 107489144252174167638 100637660947564674695 106417861423111072106 101848191156408080085 112787435697866537461 114124942936679476879 112463391491520264813 116931379084245069738 
101997124338642780860	100466178325794757407 
102170431816592344972	111058843129764709244 115516333681138986628 116825083494890429556 106382433884876652170 114122960748905067938 114147483140782280818 107203023379915799071 101133961721621664586 110614416163543421878 106837574755355833243 113356364521839061717 116931379084245069738 104226133029319075907 100720409235366385249 112724573277710080670 108883879052307976051 104290609881668164623 109130886479781915270 111048918866742956374 107040353898400532534 111091089527727420853 116315897040732668413 100668989009254813743 115121555137256496805 109596373340495798827 112463391491520264813 115273860520983542999 115573545440464933254 
102340116189726655233	102340116189726655233 
102615863344410467759	111058843129764709244 115516333681138986628 116825083494890429556 114147483140782280818 109342148209917802565 102170431816592344972 107203023379915799071 110614416163543421878 113799277735885972934 109602109099036550366 100500197140377336562 116931379084245069738 101626577406833098387 104226133029319075907 105565257978663183206 100720409235366385249 100329698645326486178 110701307803962595019 111048918866742956374 107013688749125521109 111091089527727420853 103251633033550231172 112463391491520264813 115273860520983542999 104917160754181459072 
102778563580121606331	114124942936679476879 102778563580121606331 112724573277710080670 108541235642523883716 104917160754181459072 107203023379915799071 114147483140782280818 
103236949470535942612	116825083494890429556 107459220492917008623 103537112468125883734 101373961279443806744 102340116189726655233 110971010308065250763 103752943025677384806 113718775944980638561 113356364521839061717 113171096418029011322 100720409235366385249 100962871525684315897 107489144252174167638 103236949470535942612 114104634069486127920 116315897040732668413 101185748996927059931 118107045405823607895 112463391491520264813 115573545440464933254 106186407539128840569 118255645714452180374 
103251633033550231172	112724573277710080670 111058843129764709244 107296660002634487593 116825083494890429556 106382433884876652170 114147483140782280818 102340116189726655233 107040353898400532534 107203023379915799071 112317819390625199896 117668392750579292609 106837574755355833243 108156134340151350951 114124942936679476879 109596373340495798827 116931379084245069738 115573545440464933254 104905626100400792399 104917160754181459072 106186407539128840569 
103503116383846951534	116825083494890429556 106382433884876652170 103537112468125883734 117734260411963901771 100500197140377336562 100720409235366385249 115625564993990145546 104987932455782713675 111091089527727420853 106417861423111072106 100668989009254813743 104607825525972194062 112787435697866537461 115121555137256496805 114124942936679476879 107362628080904735459 104905626100400792399 106186407539128840569 106724181552911298818 
103537112468125883734	107040353898400532534 
103752943025677384806	109213135085178239952 113718775944980638561 107489144252174167638 103236949470535942612 115573545440464933254 106186407539128840569 110538600381916983600 
103892332449873403244	103892332449873403244 116931379084245069738 
104226133029319075907	116825083494890429556 115121555137256496805 
104290609881668164623	100668989009254813743 101626577406833098387 
104607825525972194062	103537112468125883734 104607825525972194062 118107045405823607895 112787435697866537461 103752943025677384806 106417861423111072106 113718775944980638561 109602109099036550366 103236949470535942612 
104672614700283598130	111058843129764709244 115516333681138986628 116825083494890429556 106382433884876652170 114147483140782280818 109342148209917802565 116807883656585676940 110614416163543421878 113718775944980638561 109602109099036550366 116931379084245069738 105565257978663183206 115625564993990145546 100329698645326486178 104672614700283598130 101541879642294398860 106417861423111072106 116315897040732668413 118107045405823607895 113881433443048137993 114124942936679476879 109596373340495798827 112463391491520264813 106186407539128840569 113112256846010263985 106724181552911298818 
104905626100400792399	100668989009254813743 105565257978663183206 
105646458226420473639	106228758905254036967 104290609881668164623 110971010308065250763 103752943025677384806 116315897040732668413 112787435697866537461 113718775944980638561 112463391491520264813 115573545440464933254 110538600381916983600 
106186407539128840569	116825083494890429556 109130886479781915270 101541879642294398860 107040353898400532534 100668989009254813743 117734260411963901771 116931379084245069738 115573545440464933254 104905626100400792399 104226133029319075907 113112256846010263985 
106228758905254036967	114147483140782280818 110971010308065250763 116315897040732668413 100668989009254813743 115573545440464933254 106186407539128840569 110538600381916983600 
106382433884876652170	111058843129764709244 107296660002634487593 115516333681138986628 116825083494890429556 114122960748905067938 114147483140782280818 102340116189726655233 116807883656585676940 102170431816592344972 107203023379915799071 110614416163543421878 109602109099036550366 108541235642523883716 104226133029319075907 109130886479781915270 110701307803962595019 111048918866742956374 107040353898400532534 106417861423111072106 116315897040732668413 100668989009254813743 115121555137256496805 114124942936679476879 109596373340495798827 112463391491520264813 106186407539128840569 106724181552911298818 
106417861423111072106	107203023379915799071 104607825525972194062 
106724181552911298818	100720409235366385249 111058843129764709244 115516333681138986628 116825083494890429556 104290609881668164623 114122960748905067938 109130886479781915270 114147483140782280818 101997124338642780860 103537112468125883734 101373961279443806744 116807883656585676940 113122049849685469495 107040353898400532534 116247667398036716276 111091089527727420853 100715738096376666180 109602109099036550366 108541235642523883716 116931379084245069738 106186407539128840569 100129275726588145876 105565257978663183206 106724181552911298818 
106837574755355833243	118107045405823607895 114147483140782280818 107040353898400532534 115573545440464933254 104917160754181459072 
107013688749125521109	115273860520983542999 107013688749125521109 112573107772208475213 106382433884876652170 106724181552911298818 111091089527727420853 114147483140782280818 
107040353898400532534	106228758905254036967 111058843129764709244 101185748996927059931 106837574755355833243 116825083494890429556 115121555137256496805 106382433884876652170 114122960748905067938 109130886479781915270 113718775944980638561 114124942936679476879 116807883656585676940 102170431816592344972 107040353898400532534 116931379084245069738 115573545440464933254 113112256846010263985 110538600381916983600 111091089527727420853 
107203023379915799071	114124942936679476879 104917160754181459072 114122960748905067938 114147483140782280818 
107223200089245371832	100720409235366385249 107296660002634487593 109327480479767108490 116825083494890429556 106382433884876652170 114104634069486127920 107013688749125521109 112573107772208475213 114336431216099933033 101185748996927059931 109596373340495798827 107223200089245371832 115273860520983542999 101626577406833098387 104226133029319075907 113112256846010263985 
107296660002634487593	115455024457484679647 106228758905254036967 100668989009254813743 110614416163543421878 106382433884876652170 100329698645326486178 113718775944980638561 103251633033550231172 110701307803962595019 109342148209917802565 113356364521839061717 107040353898400532534 116931379084245069738 106186407539128840569 113112256846010263985 
107362628080904735459	116825083494890429556 113171096418029011322 100962871525684315897 107489144252174167638 111091089527727420853 101185748996927059931 118107045405823607895 112463391491520264813 
107459220492917008623	116825083494890429556 113718775944980638561 105565257978663183206 113171096418029011322 100720409235366385249 100962871525684315897 107489144252174167638 111091089527727420853 106417861423111072106 101185748996927059931 118107045405823607895 112463391491520264813 104917160754181459072 106186407539128840569 
107489144252174167638	103537112468125883734 101373961279443806744 102340116189726655233 110971010308065250763 103752943025677384806 113718775944980638561 113356364521839061717 105565257978663183206 100720409235366385249 111213696402662884531 103503116383846951534 107489144252174167638 103236949470535942612 101263615503715477581 111091089527727420853 101185748996927059931 114124942936679476879 109596373340495798827 112463391491520264813 115573545440464933254 104917160754181459072 106724181552911298818 
108156134340151350951	116807883656585676940 115576988435396060952 104905626100400792399 109130886479781915270 111091089527727420853 
108541235642523883716	111058843129764709244 115516333681138986628 116825083494890429556 106382433884876652170 114147483140782280818 109342148209917802565 116807883656585676940 110614416163543421878 109602109099036550366 104226133029319075907 105565257978663183206 100720409235366385249 102615863344410467759 100329698645326486178 110701307803962595019 104672614700283598130 107040353898400532534 106417861423111072106 116315897040732668413 113881433443048137993 109596373340495798827 112463391491520264813 106186407539128840569 113112256846010263985 106724181552911298818 
108883879052307976051	100668989009254813743 102170431816592344972 116931379084245069738 106724181552911298818 
109130886479781915270	111058843129764709244 116825083494890429556 106382433884876652170 114122960748905067938 109130886479781915270 102170431816592344972 107040353898400532534 116315897040732668413 115121555137256496805 109602109099036550366 115273860520983542999 100129275726588145876 106724181552911298818 
109213135085178239952	100720409235366385249 109213135085178239952 104607825525972194062 118107045405823607895 112787435697866537461 107489144252174167638 103537112468125883734 112463391491520264813 101373961279443806744 103752943025677384806 101263615503715477581 106417861423111072106 
109327480479767108490	106382433884876652170 102170431816592344972 109327480479767108490 112463391491520264813 101185748996927059931 107223200089245371832 114104634069486127920 
109342148209917802565	115516333681138986628 116825083494890429556 107459220492917008623 106382433884876652170 114147483140782280818 103537112468125883734 116807883656585676940 110971010308065250763 108156134340151350951 109602109099036550366 101626577406833098387 113171096418029011322 104672614700283598130 107040353898400532534 111091089527727420853 106417861423111072106 117668392750579292609 109596373340495798827 112463391491520264813 115573545440464933254 113112256846010263985 106724181552911298818 
109596373340495798827	111058843129764709244 115516333681138986628 116825083494890429556 106382433884876652170 114122960748905067938 114147483140782280818 103537112468125883734 102340116189726655233 109342148209917802565 116807883656585676940 102170431816592344972 117734260411963901771 109602109099036550366 116931379084245069738 102615863344410467759 104290609881668164623 100329698645326486178 109130886479781915270 107489144252174167638 110701307803962595019 104672614700283598130 111048918866742956374 107040353898400532534 111091089527727420853 106417861423111072106 116315897040732668413 117668392750579292609 104607825525972194062 115121555137256496805 106186407539128840569 100129275726588145876 113112256846010263985 
109602109099036550366	111058843129764709244 115516333681138986628 116825083494890429556 106382433884876652170 114147483140782280818 102340116189726655233 116807883656585676940 102170431816592344972 113799277735885972934 113356364521839061717 104226133029319075907 105565257978663183206 115625564993990145546 104290609881668164623 100329698645326486178 110701307803962595019 104672614700283598130 111048918866742956374 107040353898400532534 101263615503715477581 111091089527727420853 106417861423111072106 116315897040732668413 117668392750579292609 118107045405823607895 109596373340495798827 115273860520983542999 115573545440464933254 106186407539128840569 113112256846010263985 106724181552911298818 
110232479818136355682	110701307803962595019 116807883656585676940 111091089527727420853 100668989009254813743 104607825525972194062 112463391491520264813 106724181552911298818 
110241952466097562819	106228758905254036967 104290609881668164623 101997124338642780860 109596373340495798827 104905626100400792399 
110538600381916983600	106228758905254036967 112737356589974073749 113718775944980638561 105646458226420473639 101373961279443806744 107362628080904735459 113356364521839061717 107040353898400532534 110971010308065250763 103752943025677384806 
110614416163543421878	107296660002634487593 100668989009254813743 106382433884876652170 114122960748905067938 109130886479781915270 110701307803962595019 116807883656585676940 102170431816592344972 107040353898400532534 
110701307803962595019	110232479818136355682 106382433884876652170 114147483140782280818 109342148209917802565 116807883656585676940 107203023379915799071 110614416163543421878 108156134340151350951 109602109099036550366 116931379084245069738 100720409235366385249 102615863344410467759 104290609881668164623 115576988435396060952 107040353898400532534 111091089527727420853 102778563580121606331 114124942936679476879 109596373340495798827 104917160754181459072 113112256846010263985 106724181552911298818 
110809308822849680310	111058843129764709244 115516333681138986628 116825083494890429556 106382433884876652170 114122960748905067938 114147483140782280818 116807883656585676940 102170431816592344972 107203023379915799071 110614416163543421878 116931379084245069738 101626577406833098387 105565257978663183206 113171096418029011322 106228758905254036967 112724573277710080670 108883879052307976051 109130886479781915270 107040353898400532534 100668989009254813743 114124942936679476879 112463391491520264813 107362628080904735459 104905626100400792399 104917160754181459072 106186407539128840569 106724181552911298818 
110971010308065250763	116825083494890429556 101373961279443806744 102340116189726655233 110971010308065250763 103752943025677384806 101133961721621664586 113718775944980638561 113356364521839061717 110538600381916983600 105565257978663183206 113171096418029011322 106228758905254036967 104290609881668164623 109130886479781915270 107489144252174167638 103236949470535942612 116315897040732668413 104607825525972194062 118107045405823607895 112787435697866537461 109596373340495798827 112463391491520264813 107362628080904735459 115573545440464933254 104905626100400792399 106186407539128840569 
111048918866742956374	111058843129764709244 115516333681138986628 116825083494890429556 114147483140782280818 109342148209917802565 116807883656585676940 102170431816592344972 107203023379915799071 110614416163543421878 109602109099036550366 116931379084245069738 101626577406833098387 104226133029319075907 105565257978663183206 100720409235366385249 100329698645326486178 110701307803962595019 106417861423111072106 113881433443048137993 109596373340495798827 112463391491520264813 104917160754181459072 106186407539128840569 113112256846010263985 
111058843129764709244	115516333681138986628 116825083494890429556 106382433884876652170 114147483140782280818 103537112468125883734 101373961279443806744 102340116189726655233 116807883656585676940 102170431816592344972 118379821279745746467 101133961721621664586 109602109099036550366 116931379084245069738 105565257978663183206 102615863344410467759 112724573277710080670 100329698645326486178 110701307803962595019 104672614700283598130 111048918866742956374 107040353898400532534 116315897040732668413 100668989009254813743 103251633033550231172 109596373340495798827 112463391491520264813 106186407539128840569 113112256846010263985 106724181552911298818 
111091089527727420853	110232479818136355682 104917160754181459072 
111213696402662884531	106382433884876652170 103537112468125883734 103752943025677384806 107203023379915799071 115360471097759949621 113718775944980638561 113356364521839061717 101626577406833098387 100720409235366385249 107489144252174167638 106417861423111072106 104607825525972194062 112787435697866537461 114124942936679476879 109596373340495798827 112463391491520264813 107362628080904735459 106186407539128840569 106724181552911298818 
111278293763545982455	116450966137824114154 
112317819390625199896	111058843129764709244 106382433884876652170 114147483140782280818 101373961279443806744 103752943025677384806 113356364521839061717 105565257978663183206 113171096418029011322 100720409235366385249 106228758905254036967 100962871525684315897 107489144252174167638 103236949470535942612 111048918866742956374 112317819390625199896 101185748996927059931 104607825525972194062 114124942936679476879 103251633033550231172 109596373340495798827 112463391491520264813 107362628080904735459 115573545440464933254 106186407539128840569 106724181552911298818 
112463391491520264813	100720409235366385249 112573107772208475213 102170431816592344972 109327480479767108490 
112724573277710080670	114124942936679476879 102778563580121606331 112724573277710080670 111058843129764709244 102170431816592344972 104917160754181459072 107203023379915799071 114147483140782280818 
112737356589974073749	101373961279443806744 110971010308065250763 103752943025677384806 117734260411963901771 113718775944980638561 113356364521839061717 110538600381916983600 113171096418029011322 100720409235366385249 113455290791279442483 112737356589974073749 107489144252174167638 103236949470535942612 114124942936679476879 109596373340495798827 107362628080904735459 
113112256846010263985	115455024457484679647 107296660002634487593 113356364521839061717 107040353898400532534 
113122049849685469495	111048918866742956374 106228758905254036967 
113356364521839061717	106228758905254036967 109213135085178239952 116825083494890429556 104987932455782713675 107489144252174167638 110971010308065250763 103752943025677384806 104607825525972194062 112787435697866537461 113718775944980638561 112463391491520264813 107362628080904735459 115573545440464933254 104905626100400792399 113112256846010263985 110538600381916983600 
113597493946570654755	111091089527727420853 
113718775944980638561	104290609881668164623 107489144252174167638 101373961279443806744 107040353898400532534 110971010308065250763 103752943025677384806 101185748996927059931 104607825525972194062 112787435697866537461 113718775944980638561 112463391491520264813 107362628080904735459 116931379084245069738 115573545440464933254 110538600381916983600 
113799277735885972934	109130886479781915270 103537112468125883734 111091089527727420853 108156134340151350951 115273860520983542999 104905626100400792399 
113881433443048137993	111058843129764709244 115516333681138986628 116825083494890429556 106382433884876652170 114147483140782280818 103537112468125883734 109342148209917802565 116807883656585676940 108156134340151350951 109602109099036550366 104226133029319075907 105565257978663183206 100720409235366385249 100329698645326486178 116059998563577101552 107040353898400532534 107013688749125521109 112317819390625199896 111091089527727420853 106417861423111072106 116315897040732668413 103251633033550231172 109596373340495798827 112463391491520264813 104917160754181459072 106724181552911298818 
114104634069486127920	107223200089245371832 109327480479767108490 101185748996927059931 118107045405823607895 103236949470535942612 
114122960748905067938	111058843129764709244 115516333681138986628 116825083494890429556 106382433884876652170 114147483140782280818 109342148209917802565 116807883656585676940 102170431816592344972 107203023379915799071 110614416163543421878 109602109099036550366 116931379084245069738 101626577406833098387 105565257978663183206 100329698645326486178 110701307803962595019 111091089527727420853 106417861423111072106 116315897040732668413 102778563580121606331 109596373340495798827 112463391491520264813 115273860520983542999 113112256846010263985 106724181552911298818 
114124942936679476879	106382433884876652170 114147483140782280818 113718775944980638561 107489144252174167638 114124942936679476879 109596373340495798827 107040353898400532534 116931379084245069738 104917160754181459072 107203023379915799071 
114147483140782280818	114124942936679476879 106228758905254036967 102778563580121606331 117668392750579292609 102170431816592344972 115573545440464933254 116450966137824114154 104917160754181459072 117734260411963901771 107203023379915799071 112317819390625199896 
114336431216099933033	114336431216099933033 
115121555137256496805	111058843129764709244 115516333681138986628 116825083494890429556 106382433884876652170 114147483140782280818 109342148209917802565 116807883656585676940 102170431816592344972 110614416163543421878 109602109099036550366 104226133029319075907 105565257978663183206 112724573277710080670 100329698645326486178 110701307803962595019 104672614700283598130 111048918866742956374 112317819390625199896 106417861423111072106 116315897040732668413 113881433443048137993 109596373340495798827 106186407539128840569 113112256846010263985 106724181552911298818 
115455024457484679647	106228758905254036967 107296660002634487593 107459220492917008623 116807883656585676940 111091089527727420853 115455024457484679647 118107045405823607895 109596373340495798827 113356364521839061717 113112256846010263985 113171096418029011322 
115516333681138986628	111058843129764709244 115516333681138986628 116825083494890429556 114147483140782280818 109342148209917802565 116807883656585676940 102170431816592344972 109602109099036550366 101626577406833098387 104226133029319075907 102615863344410467759 100329698645326486178 110701307803962595019 107013688749125521109 112573107772208475213 111091089527727420853 106417861423111072106 116315897040732668413 109596373340495798827 112463391491520264813 115273860520983542999 104917160754181459072 113112256846010263985 
115576988435396060952	116807883656585676940 109130886479781915270 108156134340151350951 
115625564993990145546	106382433884876652170 114122960748905067938 107203023379915799071 108156134340151350951 100500197140377336562 116931379084245069738 115625564993990145546 109130886479781915270 100637660947564674695 107040353898400532534 111091089527727420853 109596373340495798827 115273860520983542999 
116059998563577101552	111058843129764709244 107296660002634487593 115516333681138986628 102340116189726655233 116807883656585676940 101133961721621664586 108156134340151350951 117734260411963901771 113799277735885972934 104290609881668164623 109130886479781915270 116059998563577101552 107489144252174167638 107040353898400532534 107013688749125521109 111091089527727420853 100668989009254813743 113881433443048137993 112463391491520264813 115273860520983542999 100535338638690515335 104905626100400792399 104917160754181459072 106724181552911298818 
116315897040732668413	106228758905254036967 111058843129764709244 115516333681138986628 116825083494890429556 100329698645326486178 114122960748905067938 109130886479781915270 114147483140782280818 103236949470535942612 103537112468125883734 110701307803962595019 101373961279443806744 102340116189726655233 102170431816592344972 107040353898400532534 110971010308065250763 101263615503715477581 116247667398036716276 115121555137256496805 113718775944980638561 109602109099036550366 109596373340495798827 112463391491520264813 107362628080904735459 116931379084245069738 106186407539128840569 113112256846010263985 
116450966137824114154	109130886479781915270 114147483140782280818 
116807883656585676940	106382433884876652170 114122960748905067938 114147483140782280818 103537112468125883734 108404515213153345305 108156134340151350951 100720409235366385249 104290609881668164623 109130886479781915270 110701307803962595019 100637660947564674695 107040353898400532534 101263615503715477581 111091089527727420853 102778563580121606331 103251633033550231172 100129275726588145876 106724181552911298818 
116825083494890429556	100720409235366385249 111058843129764709244 106382433884876652170 114122960748905067938 109130886479781915270 114147483140782280818 110701307803962595019 102340116189726655233 102170431816592344972 113122049849685469495 111091089527727420853 116315897040732668413 100668989009254813743 117668392750579292609 104607825525972194062 100715738096376666180 109602109099036550366 109596373340495798827 112463391491520264813 115573545440464933254 105565257978663183206 
116899029375914044550	115516333681138986628 109602109099036550366 100720409235366385249 106417861423111072106 106186407539128840569 
116931379084245069738	106228758905254036967 102615863344410467759 111058843129764709244 108883879052307976051 100329698645326486178 114122960748905067938 109130886479781915270 116807883656585676940 102170431816592344972 107040353898400532534 101263615503715477581 116315897040732668413 117734260411963901771 112787435697866537461 113718775944980638561 103892332449873403244 114124942936679476879 109596373340495798827 116931379084245069738 115573545440464933254 101626577406833098387 106186407539128840569 118255645714452180374 106724181552911298818 
117412175333096244275	111058843129764709244 107296660002634487593 108883879052307976051 115121555137256496805 117412175333096244275 106382433884876652170 114147483140782280818 113356364521839061717 113112256846010263985 
117668392750579292609	106228758905254036967 111058843129764709244 116825083494890429556 106382433884876652170 114122960748905067938 109130886479781915270 114147483140782280818 103537112468125883734 102340116189726655233 111048918866742956374 107040353898400532534 103752943025677384806 106417861423111072106 116315897040732668413 118379821279745746467 100668989009254813743 101133961721621664586 103251633033550231172 109596373340495798827 112463391491520264813 107362628080904735459 116931379084245069738 115573545440464933254 106186407539128840569 113112256846010263985 105565257978663183206 
117734260411963901771	111058843129764709244 117734260411963901771 114147483140782280818 
118107045405823607895	100329698645326486178 103236949470535942612 103537112468125883734 104672614700283598130 114104634069486127920 107040353898400532534 103752943025677384806 111091089527727420853 106417861423111072106 115455024457484679647 104607825525972194062 113718775944980638561 109602109099036550366 113356364521839061717 104905626100400792399 106186407539128840569 105565257978663183206 106724181552911298818 
118255645714452180374	107459220492917008623 101373961279443806744 103752943025677384806 113718775944980638561 113356364521839061717 116931379084245069738 101626577406833098387 110538600381916983600 113171096418029011322 100720409235366385249 100962871525684315897 107489144252174167638 103236949470535942612 104672614700283598130 101263615503715477581 106417861423111072106 100668989009254813743 101185748996927059931 118107045405823607895 114124942936679476879 109596373340495798827 112463391491520264813 118255645714452180374 106724181552911298818 
118379821279745746467	116315897040732668413 106228758905254036967 102778563580121606331 118379821279745746467 111058843129764709244 100668989009254813743 117668392750579292609 101133961721621664586 109130886479781915270 114124942936679476879 116931379084245069738 115573545440464933254 104905626100400792399 106186407539128840569 101263615503715477581 
